PROG#113
DOS#181
UNO#246
$
0#15000
1#15003
2#15001
4#15002
$$
$
$$
$
$$
400,-1,-1,21
300,48,-1,0
300,48,-1,1
102,50,5000,10000
300,10000,-1,0
100,52,5000,10001
203,10001,0,14000
401,14000,-1,13
500,246,-1,-1
100,49,5000,10002
450,10002,-1,1
550,246,-1,-1
300,2,-1,10003
415,5000,-1,-1
410,-1,-1,-1
102,0,5000,10000
100,1,10000,10001
300,10001,-1,5000
102,50,5000,10001
415,10001,-1,-1
410,-1,-1,-1
300,50,-1,0
102,50,0,10000
101,49,10000,10001
300,10001,-1,1
500,246,-1,-1
450,1,-1,1
550,246,-1,-1
300,2,-1,10001
500,181,-1,-1
100,1,0,10002
450,10002,-1,1
550,181,-1,-1
300,3,-1,10003
100,10003,0,10004
405,-1,-1,10004
777,-1,-1,-1
$
