53#20
72#1
148#0
$
1#15000
2#15001
6#15002
7#15003
$$
5.000000#16000
$
$$
"Fibonacci = "#18000
"Factorial = "#18001
$
$$
400,-1,-1,34
203,5000,15000,14000
205,5000,15000,14001
201,14000,14001,14002
401,14002,-1,7
415,5000,-1,0
400,-1,-1,19
500,72,-1,-1
101,5000,15000,10000
450,10000,-1,1
550,72,-1,-1
300,0,-1,10001
500,72,-1,-1
101,5000,15001,10002
450,10002,-1,1
550,72,-1,-1
300,0,-1,10003
100,10001,10003,10004
415,10004,-1,0
410,-1,-1,-1
203,6000,15001,14000
205,6000,15001,14001
201,14000,14001,14002
401,14002,-1,26
415,6000,-1,1000
400,-1,-1,33
500,53,-1,-1
101,6000,15000,11000
450,11000,-1,1
550,53,-1,-1
300,1000,-1,11001
102,6000,11001,11002
415,11002,-1,1000
410,-1,-1,-1
300,16000,-1,6000
300,15002,-1,5000
101,5000,15000,10000
300,10000,-1,5000
405,-1,-1,5000
205,5000,15000,14000
401,14000,-1,36
405,-1,-1,18000
500,72,-1,-1
450,15003,-1,1
550,72,-1,-1
300,0,-1,10001
405,-1,-1,10001
405,-1,-1,18001
500,53,-1,-1
450,6000,-1,1
550,53,-1,-1
300,1000,-1,11000
405,-1,-1,11000
777,-1,-1,-1
$
